6647011250129695293,-19,-9
-3509074528708929938,0,-4
7619888376610032090,-3,-3
5878823178122646081,3,0
-2371574378520501144,-8,-10
-4038286603451980094,-8,-9
1100011471819032947,-15,-11
-1923512976736685664,-3,-5
-3020219494930255425,1,-3
7868251073459893694,-16,-9
6161881814673190745,1,-2
-5331195304201067060,0,0
-2286962853847851178,0,-1
7983377989638175021,-4,-8
-2870920304328497402,-3,-6
5334956648769918808,-9,-10
7388814675764521075,-4,-5
8881963901064252553,-6,-10
2981822759474330835,2,-1
-2691233878488275185,-17,-10
5607259390819938610,-9,-11
816357440195063454,-9,-9
-7944289201719620780,-16,-11
-8089122259660537421,-1,1
-6006844501310888411,-7,-11
626002283961563377,-14,-10
-4252566626843739769,-19,-8
4897498395118607639,-4,-4
-7891316739009485474,-7,-9
-5160721536489535729,-16,-10
823866865535518773,-1,-7
7119319698123442035,-18,-7
-8702052078489406059,-2,-7
1887010908921396594,-1,3
5142130330460580077,-1,2
231624838011095616,-2,-5
-2962084947054799004,2,-2
1567296616660166311,-5,-9
5454023080592000367,-2,1
4389646405447045698,-9,-12
-1359577609297180022,-15,-10
2603124153792964256,-20,-9
851354471995624638,-1,-5
773534111905807977,-7,-10
-4135143112418246663,0,-2
4541332783962480067,0,3
-6717450343809735530,-1,-6
5690852189684347590,-2,2
5582903287823052212,-15,-9
3344437391142417709,-3,-7
5584159239820772025,-17,-11
571442901343227546,-18,-9
331943273191867871,0,-6
-7506712996983998150,-2,-3
878614280644219913,1,-1
2196523214078799239,-6,-8
-6830708289351866562,-3,-4
-5738158262791844947,0,-7
2797645917476393640,2,-3
7934737324863589453,1,0
-8805413686518181943,-4,-3
6854870671037790599,-14,-9
-7131458088426096200,2,0
6100047786620929681,3,-2
6563038129309723464,0,-5
2947910904681475678,-2,3
1962209889188662395,-14,-11
6709345697381703953,-1,-3
-2959913072054568801,-8,-11
4607251087835905940,-6,-9
-6669933163313394759,-5,-8
1846639889118654215,0,-3
3807744642627880726,-2,-4
4264024030413093120,-17,-9
-6009846237487282686,0,1
6815789465973682875,-1,-4
-7495358499332764496,0,2
-5521102808243796323,3,-1
7570729540176115137,-2,-6
171718383384281066,-18,-8
