-6391155640720946662,-1,-1
-1911924904953451490,-15,-12
-6895818146144173886,6,-7
-942876710707974898,-17,-7
5878823178122646081,3,0
-1457552591283186314,-16,-8
1100011471819032947,-15,-11
-8043026968925132882,10,-2
3518161908927259307,-1,11
-4205483161844867662,4,2
7983377989638175021,-4,-8
7808753710166664851,-16,-6
-2870920304328497402,-3,-6
7198820425224542638,1,3
2981822759474330835,2,-1
5617160590042600953,1,-10
8881963901064252553,-6,-10
-3190241051853959831,11,-3
5085232520875439499,-8,-12
728798304944129326,8,-3
8902853372306414558,-12,-11
3932146726037050423,-15,-8
-8089122259660537421,-1,1
-5705272583912754427,2,-8
-6006844501310888411,-7,-11
7675756712742995914,-13,-9
-4568189810797528115,6,4
8983566190526176211,9,-7
2401452474338591445,-6,-11
7408231973561144989,4,1
5142130330460580077,-1,2
1210440458434073981,2,-7
-7214478346077044298,-19,-11
231624838011095616,-2,-5
6190608379065318393,-6,-7
-6013669354570489570,-3,-1
-2891855451923632279,0,8
2603124153792964256,-20,-9
851354471995624638,-1,-5
-6933556149048988373,7,-7
773534111905807977,-7,-10
-3483411640751585663,-18,-6
-6717450343809735530,-1,-6
4541332783962480067,0,3
-7868788820119188349,12,-2
5582903287823052212,-15,-9
8797807009687898143,9,-3
1431799835987756091,-2,8
-2551733330996266796,-2,-9
1271432978784066637,-3,11
5584159239820772025,-17,-11
-1706274428291809743,8,-7
-3723546487832205251,5,-8
-8926827803381092513,8,-8
-707809752445558198,5,0
8884823060599411524,1,-7
-4794070985535607354,2,-10
6211641837480524246,-1,0
642239049861994573,-5,-11
-3077141085916629687,10,-5
2172842571292382208,5,2
-8805413686518181943,-4,-3
4240760382380564174,-6,12
-551696697346251743,3,4
6854870671037790599,-14,-9
-3880244558477138422,6,-6
-3380006731399849222,-3,8
-9182947322362421368,-7,-12
-3231284957007294530,-6,11
-233342059652272313,2,7
2225606537193753827,2,2
6038338470591505500,3,6
-5763079492391676297,7,-8
3408173922184363954,5,-4
-8831155076812468201,-4,13
4469556615725384617,-18,-12
-7891692622153488216,7,-1
7570729540176115137,-2,-6
-664724215602544881,3,2
-5278546037047214113,3,5
-8309190488275417895,-3,-10
-221863113164143829,12,-5
171718383384281066,-18,-8
-8841222614263281793,-1,-2
8330927627629765430,6,3
-3006952674870949548,4,6
5609948204727397485,1,4
5336350004853970168,-19,-10
-1452365568503200972,-1,7
-276869653145021158,-2,9
-8449554729641860102,-4,0
-2751518383316359500,-3,-9
4567338701071438834,5,4
-6988082224398974264,0,-8
-4038286603451980094,-8,-9
5514469271042735570,-5,11
-7435672231990513626,-2,-8
7203843555997384791,1,2
-6398145962677204987,-12,-9
2991178074446391003,-2,-10
3698085340767352134,-4,10
7885911474478185769,12,-4
-5160721536489535729,-16,-10
-5106296743600762787,8,-4
1887010908921396594,-1,3
5565188981985387359,7,-5
-1255975086622679434,-10,-9
-2962084947054799004,2,-2
-9120777752372713028,-6,10
5454023080592000367,-2,1
-1429928555685067987,-11,-10
4389646405447045698,-9,-12
-3707263741767187405,5,-2
-4135143112418246663,0,-2
5690852189684347590,-2,2
1398871351968988497,4,3
1626790904333101312,-6,-12
4337990714149531336,-15,-7
1527855466775041221,-2,-2
-2832511654731219891,5,-5
7886208942760169294,1,8
571442901343227546,-18,-9
3080334541919865847,-16,-7
706129078875952725,5,-3
6924052502204541893,2,3
-2861755367945283665,-12,-10
6126033141159371894,4,5
489252207442574433,-17,-6
-8420802570630939516,-5,-5
6103272950345945234,-3,-2
2797645917476393640,2,-3
7564032913986013828,-3,12
299656043386021302,4,-6
-5581233177938170894,-3,-8
7452136976722358713,3,-6
-7157390005502318886,3,-8
-7131458088426096200,2,0
-7340574604463877863,6,-2
197421236654140944,2,8
-5519024812440518031,-1,9
5104863180959830058,5,-6
6563038129309723464,0,-5
2947910904681475678,-2,3
5796559608372652728,9,-6
-1030454732236404645,11,-4
3851123638548525268,-19,-6
-7381125551896123714,11,-5
-3515601766982802353,4,-4
-2959913072054568801,-8,-11
-994376112780730756,2,1
-6669933163313394759,-5,-8
-6808488721085078399,-13,-8
8142114640152828640,-10,-10
661928962226569521,6,-3
-4580149695760318321,12,-3
-806166320179565592,2,9
4571717720918756410,1,6
-3243834588048787300,-4,-2
4282074531405779898,7,-3
-879670736527887587,6,0
8695359526022836775,9,-5
-4966185119777225672,0,5
-8178700325302176792,1,-9
-2371574378520501144,-8,-10
2244435633350167407,10,-3
-1923512976736685664,-3,-5
-3020219494930255425,1,-3
-5331195304201067060,0,0
7868251073459893694,-16,-9
-1715269329480185675,6,-1
7388814675764521075,-4,-5
-8102425698048062834,-2,7
-5198526469110207934,-5,-7
5607259390819938610,-9,-11
2404519893801219385,1,5
-7944289201719620780,-16,-11
-4252566626843739769,-19,-8
21411111244194770,7,-6
4897498395118607639,-4,-4
-7891316739009485474,-7,-9
-7585353234190078774,7,-2
7119319698123442035,-18,-7
6158552178881393705,4,-8
5238557926416208992,-4,-7
4370440904619109631,4,-7
-4350859485462299252,3,7
3015782627890868638,-3,1
1567296616660166311,-5,-9
-2160312945026185743,-3,10
-3390667305260899928,-5,9
6277656835945903568,-4,-10
3358311444226979742,10,-6
3005098628933420892,6,1
111465097122614916,-5,12
1436380068728925142,0,-10
-3721343512783703044,0,9
-465977082246624338,6,-5
-1416624539393924808,-5,10
-3943872530502785753,4,-9
436685793512517858,-11,-8
7040395184023141107,-17,-8
7154157342940826894,-4,-1
2269970859951699289,4,0
-6823736294123021791,-4,9
8897603145256300476,-19,-7
-719479527612514531,-9,-8
-7506712996983998150,-2,-3
-2683722682815613699,1,7
878614280644219913,1,-1
-3124117175816076092,4,-2
8815632019598874456,-3,0
-4646169485443274676,8,-6
3144198057915045618,11,-2
7934737324863589453,1,0
5165342511633087050,-4,-6
9220077428592792037,-17,-12
-7434414384109340650,-2,0
6100047786620929681,3,-2
-5296293314213719980,6,-4
-3110563096246862291,-1,-8
-9109655091146470425,1,9
3550473440198167967,-2,10
2724850392646745480,-8,-8
1846639889118654215,0,-3
4607251087835905940,-6,-9
3807744642627880726,-2,-4
-8830776478094468156,0,10
6815789465973682875,-1,-4
-7495358499332764496,0,2
5573141456269884796,5,-7
6659005432075345157,7,-4
2596477420826172585,-13,-10
-7796563628147996801,-18,-10
6647011250129695293,-19,-9
8481441171961914832,3,-3
-3509074528708929938,0,-4
-9038075561864562989,3,-5
-899772690010334000,-5,-6
-193441105730323074,-5,-10
7619888376610032090,-3,-3
8716810155386320262,2,-9
4771732341903662737,6,-8
3708487722869184659,0,6
4117710849714816413,-7,-8
6166836632033691929,0,-9
9011067890660733889,2,6
6161881814673190745,1,-2
1323162018109956271,5,1
-2286962853847851178,0,-1
6033546740808366968,6,2
-8436647400384323003,3,-7
5334956648769918808,-9,-10
7935929118812655433,3,3
-2691233878488275185,-17,-10
-4601317600314628664,-4,12
-6423523087220591302,6,5
816357440195063454,-9,-9
626002283961563377,-14,-10
823866865535518773,-1,-7
-8702052078489406059,-2,-7
-4242232269180035985,-20,-10
6482109102126257727,-18,-11
-7639162007487082265,2,4
-7799684999506613812,5,-1
5699612018512013992,-13,-11
3194728279709252734,-16,-12
8668867702322485524,-11,-9
-3149691637706721351,-1,-10
3396606115257388032,1,1
-1359577609297180022,-15,-10
7055484096467369317,9,-4
8330704030422259007,3,-4
8160877154743180910,4,-3
-2686630164507450691,4,4
3546656654932917863,5,3
3344437391142417709,-3,-7
5484100172179326140,-10,-8
4886388780335463142,5,5
2099553633732343676,3,1
-4900747094392827649,0,7
-7412505098832064674,-20,-8
3979030776818294021,10,-4
-6975074633960099180,-4,11
2553672882733107347,-3,9
-5305194890585733473,5,-9
-5836565744560042009,-20,-7
331943273191867871,0,-6
6507650647635684604,1,-8
618942186376456857,4,-1
2196523214078799239,-6,-8
-6830708289351866562,-3,-4
-5738158262791844947,0,-7
-8033984429965271033,-2,-1
2595538858394958422,3,-9
1421920701261312115,2,5
-1333746385064476698,-12,-8
8152659601598741388,-1,10
1962209889188662395,-14,-11
991268512610608253,-5,13
6709345697381703953,-1,-3
-4133263515325698024,4,-5
5475518824212412778,8,-5
4264024030413093120,-17,-9
-6009846237487282686,0,1
-3135270155309719544,-14,-12
-5521102808243796323,3,-1
2961470120486457096,-6,13
-7041648448082593952,-4,-9
1166857602431626085,-2,11
4133984879187978029,-1,-9
5440539072532343268,-1,8
